10010010
00001011
10010011
00001100
10010100
00001101
00111111
00011011
00000001
01010011
00000110
00000000
00111110
10010001
10000000
10100011
10010001
00000000
10100011
01011110
00100001
01010011
00100001
00000000
00100010
01010011
00000110
00000000
10100110
00100011
01010011
00110010
00000000
01010111
00000000
00000000
10100010
00111111
00011011
00000001
01010011
00100101
00000000
00111110
10010001
10000000
10100011
10010001
00000000
10100011
10100010
01011101
00010000
01010011
00000110
00000000
00111100
01011110
11001100
00001111
00011011
00001111
01001111
01000101
00000000
01011110
00011011
11111001
10000011
01011110
11001100
11110000
00011011
11110000
01001111
01010001
00000000
01011110
00011011
01011111
10000011
01011101
11001100
00001111
00011011
00001111
01001111
01011101
00000000
01011101
00011011
11111001
01111100
00111111
00011011
00000001
01010011
00110010
00000000
10101010
01001101
00001100
00000000