0000000000
0000110011
0000000010
0000001000
0000001110
0000010100
0000011010
0000100000
0000100110
0000101100
0000111010
0000111101
0001000000
0001000011
0001000110
0001001001
0001001100
0001001111
0001010011
0001010111
0001011010
0001011101
0001100000
0001100011
0001100110
0001101001
0001101100
0001110000
0001110100
0001110100
0001110100
0001111110
0010000000
0010000110
0010001101
0010010100
0010011011
0010100010
0010101001
0010110000
0001110100
0001110100
0001110100
0001110100
0010111000
0001110100
0001110100
0011000000
0011001100
0011011000
0011100100
0011101000
0011110000
0011111000
0100000000
0100001000
0100010000
0100011000
0100100001
0100101101
0100111001
0101000101
0101000111
0101001001
0101001011
0101001111
0101010111
0101011111
0101100111
0101101111
0101110111
0101111111
0110001000
0110010100
0110100000
0110101100
0110101100
0110101100
0110101100
0110101100
0110101100
0110101100
0110101100
0110101100
0110110010
0110111001
0110111110
0111000011
0111001000
0111001110
0111010000
0111010010
0111010100
0111010110
0111011000
0111011010
0111011101
0111011111
0111100001
0111100011
0111100101
0111100111
0111101001
0111101100
0111101110
0111110000
0111110010
0111110100
0111110110
0111111000
0111111011
0111111101
0111111111
1000000001
1000000011
1000000101
1000000111
1000001010
1000001100
1000001110
1000010000
1000010010
1000010100
1000010110
1000011001
1000011011
1000011101
1000011111
1000100001
1000100011
1000100101
1000101000
1000101010
1000101100
1000101110
1000110000
1000110010
1000110100
1000110111
1000111010
1000111101
1001000000
1001000011
1001000110
1001001001
1001001100
1001001111
1001010010
1001010101
1001011000
1001011011
1001011110
1001100001
1001100110
1001101001
1001101100
1001101111
1001110010
1001110101
1001111000
1001111011
1001111111
1010000011
1010000101
1010000111
1010001101
1010010011
1010011001
1010011111
1010100100
1010101001
1010101110
1010110011
1010110101
1010111011
1010111011
1010110111
1010111011
1010111011
1010111011
1010111011
1010111011
1010111011
1010111001
1010111011
1011000001
1011000111
1011001101
1011010011
1011011001
1011011111
1011100101
1011101011
1011110010
1011111001
1100000000
1100000110
1100001001
1100001100
1100001111
1100010010
1100010101
1100011000
1100011011
1100011111
1100100011
1100100110
1100101001
1100101100
1100101111
1100110010
1100110101
1100111000
1100111100
0000000000
0000000000
0000000000
0000000000
0000000000
0000000000
0000000000
0000000000
0000000000
0000000000
0000000000
0000000000
0000000000
0000000000
0000000000
0000000000
0000000000
0000000000
0000000000
0000000000
0000000000
0000000000
0000000000
0000000000
0000000000
0000000000
0000000000
0000000000
0000000000
0000000000
0000000000
0000000000
0000000000
0000000000
0000000000
0000000000
0000000000
0000000000
0000000000
0000000000
0000000000
0000000000
