10001000001111100000000000000000
01001000010000010100000000000000
10000011010000000000001100000000
00001000010000000001100000000000
00001000010000000011000000010000
10001000000110000000100000000000
00001000010000000011000000010000
00001000010000000000000000000000
10000011010000000000001100000000
10001000000000000000100000000000
00001000010000000011000000010000
10001000000110000000100000000000
00001000010000000011000000010000
00001000010000000000000000000000
10000011010000000000001100000000
10001000000001000000100000000000
00001000010000000011000000010000
10001000000110000000100000000000
00001000010000000011000000010000
00001000010000000000000000000000
10000011010000000000001100000000
10001000000010000000100000000000
00001000010000000011000000010000
10001000000110000000100000000000
00001000010000000011000000010000
00001000010000000000000000000000
10000011010000000000001100000000
10001000000011000000100000000000
00001000010000000011000000010000
10001000000110000000100000000000
00001000010000000011000000010000
00001000010000000000000000000000
10000011010000000000001100000000
10001000000100000000100000000000
00001000010000000011000000010000
10001000000110000000100000000000
00001000010000000011000000010000
00001000010000000000000000000000
10000011010000000000001100000000
10001000000101000000100000000000
00001000010000000011000000010000
10001000000110000000100000000000
00001000010000000011000000010000
00001000010000000000000000000000
10000011010000000000001100000000
10001000001100100000000000000000
00001000010000010000100000000000
00001000010000000011000000010000
10001000000110000000100000000000
00001000010000000011000000010000
00001000010000000000000000000000
10001000001111100000000000000000
01001000010000010000100000000000
10000011010000000000001100000000
00001000010000000011000000010000
10001000000110000000100000000000
00001000010000000011000000010000
00001000010000000000000000000000
00001000010000000001100000000000
00001000010000000011000000010000
00001000010000000000000000000000
10001000000000000000100000000000
00001000010000000011000000010000
00001000010000000000000000000000
10001000000001000000100000000000
00001000010000000011000000010000
00001000010000000000000000000000
10001000000010000000100000000000
00001000010000000011000000010000
00001000010000000000000000000000
10001000000011000000100000000000
00001000010000000011000000010000
00001000010000000000000000000000
10001000000100000000100000000000
00001000010000000011000000010000
00001000010000000000000000000000
10001000000101000000100000000000
00001000010000000011000000010000
00001000010000000000000000000000
10001000001100100000000000000000
00001000010000010000100000000000
00001000010000000011000000010000
00001000010000000000000000000000
10001000001111100000000000000000
01001000010000010000100000000000
00001000010000000011000000010000
00001000010000000000000000000000
00001000010000000001100000000000
00001000010000000011000000110000
00001000010000000000000000000000
10001000000000000000100000000000
00001000010000000011000000110000
00001000010000000000000000000000
10001000000001000000100000000000
00001000010000000011000000110000
00001000010000000000000000000000
10001000000010000000100000000000
00001000010000000011000000110000
00001000010000000000000000000000
10001000000011000000100000000000
00001000010000000011000000110000
00001000010000000000000000000000
10001000000100000000100000000000
00001000010000000011000000110000
00001000010000000000000000000000
10001000000101000000100000000000
00001000010000000011000000110000
00001000010000000000000000000000
10001000001100100000000000000000
00001000010000010000100000000000
00001000010000000011000000110000
00001000010000000000000000000000
10001000001111100000000000000000
01001000010000010000100000000000
00001000010000000011000000110000
00001000010000000000000000000000
10001000001111100000000000000000
11000011110000010000000000000000
10001000001111100000000000000000
11000011010000010000000000000000
10001000001110100000000000000000
10101000001001001000000000000000
10001000001110100000000000000000
10101000001000001000000000000000
10000111101101000000000000000000
00001000010000000000000000000000
00001000010000000011000000100000
00001000010000000000000000000000
10000011010000000001000000000000
00001000010000000010001000000000
00001000010000000011000000100000
00001000010000000001000100000000
10001000000110000010000000000000
00001000010000000000000000000000
10000011110000000000001100000000
10000011010000000001000000000000
10001000000000000000100000000000
00001000010000000011000000000000
10001000000110000010000000000000
10001000000111000000000100000000
00001000010000000000000000000000
10000011110000000000001100000000
10000011010000000001000000000000
10001000000001000000100000000000
00001000010000000011000000000000
10001000000110000010000000000000
10001000000111000000000100000000
00001000010000000000000000000000
10000011110000000000001100000000
10000011010000000001000000000000
10001000000010000000100000000000
00001000010000000011000000000000
10001000000110000010000000000000
10001000000111000000000100000000
00001000010000000000000000000000
10000011110000000000001100000000
10000011010000000001000000000000
10001000000011000000100000000000
00001000010000000011000000000000
10001000000110000010000000000000
10001000000111000000000100000000
00001000010000000000000000000000
10000011110000000000001100000000
10000011010000000001000000000000
10001000000100000000100000000000
00001000010000000011000000000000
10001000000110000010000000000000
10001000000111000000000100000000
00001000010000000000000000000000
10000011110000000000001100000000
10000011010000000001000000000000
10001000000101000000100000000000
00001000010000000011000000000000
10001000000110000010000000000000
10001000000111000000000100000000
00001000010000000000000000000000
10000011110000000000001100000000
10000011010000000001000000000000
10001000001100100000000000000000
00001000010000010000100000000000
00001000010000000011000000000000
10001000000110000010000000000000
10001000000111000000000100000000
00001000010000000000000000000000
10000011110000000000001100000000
10000011010000000001000000000000
10001000001111100000000000000000
01001000010000010000100000000000
00001000010000000011000000000000
10001000000110000010000000000000
10001000000111000000000100000000
00001000010000000000000000000000
10001000000001000000100000000000
10001000000101000010000000000000
00001000010000000011000000010000
10000010110000000001000000000000
10000011010000000000001100000000
10001000000000000000100000000000
10001000000100000010000000000000
00001000010000000011000000010000
10001000000110000000100000000000
00001000010000000011000000010000
10000010010000000001000000000000
00001000010000000000000000000000
10001000000011000000100000000000
10001000000101000010000000000000
00001000010000000011000000010000
10000010110000000001000000000000
10000011010000000000001100000000
10001000000010000000100000000000
10001000000100000010000000000000
00001000010000000011000000010000
10001000000110000000100000000000
00001000010000000011000000010000
10000010010000000001000000000000
00001000010000000000000000000000
10001000000101000000100000000000
10001000000101000010000000000000
00001000010000000011000000010000
10000010110000000001000000000000
10000011010000000000001100000000
10001000000100000000100000000000
10001000000100000010000000000000
00001000010000000011000000010000
10001000000110000000100000000000
00001000010000000011000000010000
10000010010000000001000000000000
00001000010000000000000000000000
10000011110000000000001100000000
00001000010000000011000010110000
10001000000111000000000100000000
00001000010000000000000000000000
10000011110000000000001100000000
10000011010000000001000000000000
10001000000000000010000000000000
00001000010000000011000010110000
10000000010000000001000000000000
10001000000110000010000000000000
10001000000111000000000100000000
00001000010000000000000000000000
10000011110000000000001100000000
10000011010000000001000000000000
10001000000001000010000000000000
00001000010000000011000010110000
10000000110000000001000000000000
10001000000110000010000000000000
10001000000111000000000100000000
00001000010000000000000000000000
10000011110000000000001100000000
10000011010000000001000000000000
10001000000010000010000000000000
00001000010000000011000010110000
10000001010000000001000000000000
10001000000110000010000000000000
10001000000111000000000100000000
00001000010000000000000000000000
10000011110000000000001100000000
10000011010000000001000000000000
10001000000011000010000000000000
00001000010000000011000010110000
10000001110000000001000000000000
10001000000110000010000000000000
10001000000111000000000100000000
00001000010000000000000000000000
10000011110000000000001100000000
10000011010000000001000000000000
10001000000100000010000000000000
00001000010000000011000010110000
10000010010000000001000000000000
10001000000110000010000000000000
10001000000111000000000100000000
00001000010000000000000000000000
10000011110000000000001100000000
10000011010000000001000000000000
10001000000101000010000000000000
00001000010000000011000010110000
10000010110000000001000000000000
10001000000110000010000000000000
10001000000111000000000100000000
00001000010000000000000000000000
10000011110000000000001100000000
10000011010000000001000000000000
10001000001100100000000000000000
00001000010000010010000000000000
00001000010000000011000010110000
00001000010000001001000000000000
10001000000110000010000000000000
10001000000111000000000100000000
00001000010000000000000000000000
10000011110000000000001000000000
10000011010000000001000000000000
10001000000001000010000000000000
00001000010000000011000010110000
10000000110000000001000000000000
00001000010000000000101100000000
10001000000000000010000000000000
00001000010000000011000000000000
10000000010000000001000000000000
10001000000110000010000000000000
10001000000111000000110000000000
00001000010000000000000000000000
10000011110000000000001000000000
10000011010000000001000000000000
10001000000011000010000000000000
00001000010000000011000010110000
10000001110000000001000000000000
00001000010000000000101100000000
10001000000010000010000000000000
00001000010000000011000000000000
10000001010000000001000000000000
10001000000110000010000000000000
10001000000111000000110000000000
00001000010000000000000000000000
10000011110000000000001000000000
10000011010000000001000000000000
10001000000101000010000000000000
00001000010000000011000010110000
10000010110000000001000000000000
00001000010000000000101100000000
10001000000100000010000000000000
00001000010000000011000000000000
10000010010000000001000000000000
10001000000110000010000000000000
10001000000111000000110000000000
00001000010000000000000000000000
00000000000000000000000000000000
00001000010000000000000000000000
10000110010000000000000000001000
00001000010000000000000000000000
00001000010000000010000000000100
00001000010000000000000000000000
10000011110000000000001100000000
00001000010000000011000010100000
10001000000111000000000100000000
00001000010000000000000000000000
10000011110000000000001100000000
10000011010000000001000000000000
10001000000000000010000000000000
00001000010000000011000010100000
10000000010000000001000000000000
10001000000110000010000000000000
10001000000111000000000100000000
00001000010000000000000000000000
10000011110000000000001100000000
10000011010000000001000000000000
10001000000001000010000000000000
00001000010000000011000010100000
10000000110000000001000000000000
10001000000110000010000000000000
10001000000111000000000100000000
00001000010000000000000000000000
10000011110000000000001100000000
10000011010000000001000000000000
10001000000010000010000000000000
00001000010000000011000010100000
10000001010000000001000000000000
10001000000110000010000000000000
10001000000111000000000100000000
00001000010000000000000000000000
10000011110000000000001100000000
10000011010000000001000000000000
10001000000011000010000000000000
00001000010000000011000010100000
10000001110000000001000000000000
10001000000110000010000000000000
10001000000111000000000100000000
00001000010000000000000000000000
10000011110000000000001100000000
10000011010000000001000000000000
10001000000100000010000000000000
00001000010000000011000010100000
10000010010000000001000000000000
10001000000110000010000000000000
10001000000111000000000100000000
00001000010000000000000000000000
10000011110000000000001100000000
10000011010000000001000000000000
10001000000101000010000000000000
00001000010000000011000010100000
10000010110000000001000000000000
10001000000110000010000000000000
10001000000111000000000100000000
00001000010000000000000000000000
10000011110000000000001100000000
10000011010000000001000000000000
10001000001100100000000000000000
00001000010000010010000000000000
00001000010000000011000010100000
00001000010000001001000000000000
10001000000110000010000000000000
10001000000111000000000100000000
00001000010000000000000000000000
10000011110000000000001000000000
10000011010000000001000000000000
10001000000001000010000000000000
00001000010000000011000010100000
10000000110000000001000000000000
00001000010000000000101100000000
10001000000000000010000000000000
00001000010000000011000000010000
10000000010000000001000000000000
10001000000110000010000000000000
10001000000111000000110000000000
00001000010000000000000000000000
10000011110000000000001000000000
10000011010000000001000000000000
10001000000011000010000000000000
00001000010000000011000010100000
10000001110000000001000000000000
00001000010000000000101100000000
10001000000010000010000000000000
00001000010000000011000000010000
10000001010000000001000000000000
10001000000110000010000000000000
10001000000111000000110000000000
00001000010000000000000000000000
10000011110000000000001000000000
10000011010000000001000000000000
10001000000101000010000000000000
00001000010000000011000010100000
10000010110000000001000000000000
00001000010000000000101100000000
10001000000100000010000000000000
00001000010000000011000000010000
10000010010000000001000000000000
10001000000110000010000000000000
10001000000111000000110000000000
00001000010000000000000000000000
10001000001111100000000000000000
11000011110000010000000000000000
10001000001111100000000000000000
11000011010000010000000000000000
10000111101101000000000000000000
00001000010000000000000000000000
10001000001111100000000000000000
11000011110000010000000000000000
10001000001111100000000000000000
11000011010000010000000000000000
10001000001101100000000000000000
00001000010000010010000000000000
00001000010000000000000000000000
10001000001111100000000000000000
11000000110000010000000000000000
10001000001111100000000000000000
11000000010000010000000000000000
00001000010000000000000000000000
10001000001111100000000000000000
11000001110000010000000000000000
10001000001111100000000000000000
11000001010000010000000000000000
00001000010000000000000000000000
10001000001111100000000000000000
11000010110000010000000000000000
10001000001111100000000000000000
11000010010000010000000000000000
00001000010000000000000000000000
10001000001111100000000000000000
11000011110000010000000000000000
10001000001111100000000000000000
11000011010000010000000000000000
10000111001101000000000000000000
00001000010000000000000000000000
10001000000000000010000000000000
00001000010000000000000000000000
10001000000001000010000000000000
00001000010000000000000000000000
10001000000010000010000000000000
00001000010000000000000000000000
10001000000011000010000000000000
00001000010000000000000000000000
10001000000100000010000000000000
00001000010000000000000000000000
10001000000101000010000000000000
00001000010000000000000000000000
10001000001100100000000000000000
00001000010000010010000000000000
00001000010000000000000000000000
10000000010000000001000000000000
00001000010000000000000000000000
10000000000001000000000000000000
00001000010000000000000000000000
10000000000010000000000000000000
00001000010000000000000000000000
10000000000011000000000000000000
00001000010000000000000000000000
10000000000100000000000000000000
00001000010000000000000000000000
10000000000101000000000000000000
00001000010000000000000000000000
10001000001100100000000000000000
10000000010000010000000000000000
00001000010000000000000000000000
10000000110000000001000000000000
00001000010000000000000000000000
10000000100000000000000000000000
00001000010000000000000000000000
10000000100010000000000000000000
00001000010000000000000000000000
10000000100011000000000000000000
00001000010000000000000000000000
10000000100100000000000000000000
00001000010000000000000000000000
10000000100101000000000000000000
00001000010000000000000000000000
10001000001100100000000000000000
10000000110000010000000000000000
00001000010000000000000000000000
10000001010000000001000000000000
00001000010000000000000000000000
10000001000000000000000000000000
00001000010000000000000000000000
10000001000001000000000000000000
00001000010000000000000000000000
10000001000011000000000000000000
00001000010000000000000000000000
10000001000100000000000000000000
00001000010000000000000000000000
10000001000101000000000000000000
00001000010000000000000000000000
10001000001100100000000000000000
10000001010000010000000000000000
00001000010000000000000000000000
10000001110000000001000000000000
00001000010000000000000000000000
10000001100000000000000000000000
00001000010000000000000000000000
10000001100001000000000000000000
00001000010000000000000000000000
10000001100010000000000000000000
00001000010000000000000000000000
10000001100100000000000000000000
00001000010000000000000000000000
10000001100101000000000000000000
00001000010000000000000000000000
10001000001100100000000000000000
10000001110000010000000000000000
00001000010000000000000000000000
10000010010000000001000000000000
00001000010000000000000000000000
10000010000000000000000000000000
00001000010000000000000000000000
10000010000001000000000000000000
00001000010000000000000000000000
10000010000010000000000000000000
00001000010000000000000000000000
10000010000011000000000000000000
00001000010000000000000000000000
10000010000101000000000000000000
00001000010000000000000000000000
10001000001100100000000000000000
10000010010000010000000000000000
00001000010000000000000000000000
10000010110000000001000000000000
00001000010000000000000000000000
10000010100000000000000000000000
00001000010000000000000000000000
10000010100001000000000000000000
00001000010000000000000000000000
10000010100010000000000000000000
00001000010000000000000000000000
10000010100011000000000000000000
00001000010000000000000000000000
10000010100100000000000000000000
00001000010000000000000000000000
10001000001100100000000000000000
10000010110000010000000000000000
00001000010000000000000000000000
10001000001100100000000000000000
00001000010000001001000000000000
00001000010000000000000000000000
10001000001100100000000000000000
10001000000000001000000000000000
00001000010000000000000000000000
10001000001100100000000000000000
10001000000001001000000000000000
00001000010000000000000000000000
10001000001100100000000000000000
10001000000010001000000000000000
00001000010000000000000000000000
10001000001100100000000000000000
10001000000011001000000000000000
00001000010000000000000000000000
10001000001100100000000000000000
10001000000100001000000000000000
00001000010000000000000000000000
10001000001100100000000000000000
10001000000101001000000000000000
00001000010000000000000000000000
10001000001111100000000000000000
01001000010000010010000000000000
00001000010000000000000000000000
10001000001111100000000000000000
11000000010000010000000000000000
00001000010000000000000000000000
10001000001111100000000000000000
11000000110000010000000000000000
00001000010000000000000000000000
10001000001111100000000000000000
11000001010000010000000000000000
00001000010000000000000000000000
10001000001111100000000000000000
11000001110000010000000000000000
00001000010000000000000000000000
10001000001111100000000000000000
11000010010000010000000000000000
00001000010000000000000000000000
10001000001111100000000000000000
11000010110000010000000000000000
00001000010000000000000000000000
10001000001111100000000000000000
11000011010000010000000000000000
10001000001100100000000000000000
10001000000110001000000000000000
00001000010000000000000000000000
00001000010000000001100000000000
00001000010000000011000001000000
00001000010000000000000000000000
10001000000000000000100000000000
00001000010000000011000001000000
00001000010000000000000000000000
10001000000001000000100000000000
00001000010000000011000001000000
00001000010000000000000000000000
10001000000010000000100000000000
00001000010000000011000001000000
00001000010000000000000000000000
10001000000011000000100000000000
00001000010000000011000001000000
00001000010000000000000000000000
10001000000100000000100000000000
00001000010000000011000001000000
00001000010000000000000000000000
10001000000101000000100000000000
00001000010000000011000001000000
00001000010000000000000000000000
10001000001100100000000000000000
00001000010000010000100000000000
00001000010000000011000001000000
00001000010000000000000000000000
10001000001111100000000000000000
01001000010000010000100000000000
00001000010000000011000001000000
00001000010000000000000000000000
10001000001100000000000000000010
00001000010000000000000000000000
00001000010000000001000000000001
00001000010000000000000000000000
00011000010000000000000000000000
10001000001110100000000000000000
10010000010000010000000000000000
10001000001110100000000000000000
10000000110000010000000000000000
00001000010000000000000000000000
00011000010000000000000000000000
10001000001110100000000000000000
10010001010000010000000000000000
10001000001110100000000000000000
10000001110000010000000000000000
00001000010000000000000000000000
00011000010000000000000000000000
10001000001110100000000000000000
10010010010000010000000000000000
10001000001110100000000000000000
10000010110000010000000000000000
00001000010000000000000000000000
00011000010000000000000000000000
10001000001110100000000000000000
00011000010000010010000000000000
10001000001110100000000000000000
00001000010000010000110000000000
00001000010000000000000000000000
10001000001110100000000000000000
10101000000001001000000000000000
10001000001110100000000000000000
10101000000000001000000000000000
00001000010000000000000000000000
10001000001110100000000000000000
10101000000011001000000000000000
10001000001110100000000000000000
10101000000010001000000000000000
00001000010000000000000000000000
10001000001110100000000000000000
10101000000101001000000000000000
10001000001110100000000000000000
10101000000100001000000000000000
00001000010000000000000000000000
10001000001110100000000000000000
00101000010000001000110000000000
10001000001110100000000000000000
00101000010000001001000000000000
00001000010000000000000000000000
00001000010000000011000001100000
00001000010000000000000000000000
00001000010000000011000001110000
00001000010000000000000000000000
00001000010000000011000010000000
00001000010000000000000000000000
00001000010000000011000010010000
00001000010000000000000000000000
00011000010000000000000000000000
10001000001110100000000000000000
10010100010000010000000000000000
10001000001110100000000000000000
10000100110000010000000000000000
00001000010000000000000000000000
10000011010000000000001100000000
00001000010000000001100000000000
00001000010000000011000000000000
10001000000110000000100000000000
00001000010000000011000000000000
00001000010000000000000000000000
10000011010000000000001100000000
10001000000000000000100000000000
00001000010000000011000000000000
10001000000110000000100000000000
00001000010000000011000000000000
00001000010000000000000000000000
10000011010000000000001100000000
10001000000001000000100000000000
00001000010000000011000000000000
10001000000110000000100000000000
00001000010000000011000000000000
00001000010000000000000000000000
10000011010000000000001100000000
10001000000010000000100000000000
00001000010000000011000000000000
10001000000110000000100000000000
00001000010000000011000000000000
00001000010000000000000000000000
10000011010000000000001100000000
10001000000011000000100000000000
00001000010000000011000000000000
10001000000110000000100000000000
00001000010000000011000000000000
00001000010000000000000000000000
10000011010000000000001100000000
10001000000100000000100000000000
00001000010000000011000000000000
10001000000110000000100000000000
00001000010000000011000000000000
00001000010000000000000000000000
10000011010000000000001100000000
10001000000101000000100000000000
00001000010000000011000000000000
10001000000110000000100000000000
00001000010000000011000000000000
00001000010000000000000000000000
10000011010000000000001100000000
10001000001100100000000000000000
00001000010000010000100000000000
00001000010000000011000000000000
10001000000110000000100000000000
00001000010000000011000000000000
00001000010000000000000000000000
10001000001111100000000000000000
01001000010000010000100000000000
10000011010000000000001100000000
00001000010000000011000000000000
10001000000110000000100000000000
00001000010000000011000000000000
00001000010000000000000000000000
10001000001111100000000000000000
11000011110000010000000000000000
10001000001111100000000000000000
11000011010000010000000000000000
10001000001101100000000000000000
00001000010000001001000000000000
00001000010000000000000000000000
10000011010000000001000000000000
00001000010000000010001100000000
00001000010000000011010010100000
00001000010000000001000100000000
10001000000110000010000000000000
00001000010000000000000000000000
00001000010000000001100000000000
00001000010000000011000000000000
00001000010000000000000000000000
10001000000000000000100000000000
00001000010000000011000000000000
00001000010000000000000000000000
10001000000001000000100000000000
00001000010000000011000000000000
00001000010000000000000000000000
10001000000010000000100000000000
00001000010000000011000000000000
00001000010000000000000000000000
10001000000011000000100000000000
00001000010000000011000000000000
00001000010000000000000000000000
10001000000100000000100000000000
00001000010000000011000000000000
00001000010000000000000000000000
10001000000101000000100000000000
00001000010000000011000000000000
00001000010000000000000000000000
10001000001100100000000000000000
00001000010000010000100000000000
00001000010000000011000000000000
00001000010000000000000000000000
10001000001111100000000000000000
01001000010000010000100000000000
00001000010000000011000000000000
00001000010000000000000000000000
00001000010000000001100000000000
00001000010000000011000001010000
00001000010000000000000000000000
10001000000000000000100000000000
00001000010000000011000001010000
00001000010000000000000000000000
10001000000001000000100000000000
00001000010000000011000001010000
00001000010000000000000000000000
10001000000010000000100000000000
00001000010000000011000001010000
00001000010000000000000000000000
10001000000011000000100000000000
00001000010000000011000001010000
00001000010000000000000000000000
10001000000100000000100000000000
00001000010000000011000001010000
00001000010000000000000000000000
10001000000101000000100000000000
00001000010000000011000001010000
00001000010000000000000000000000
10001000001100100000000000000000
00001000010000010000100000000000
00001000010000000011000001010000
00001000010000000000000000000000
10001000001111100000000000000000
01001000010000010000100000000000
00001000010000000011000001010000
00001000010000000000000000000000
